I = 
 1.0000 -0.0001  0.0007 -0.0017  0.0007  0.0013  0.0000 -0.0012 -0.0010  0.0012
-0.0001  1.0033 -0.0239  0.0553 -0.0227 -0.0441 -0.0022  0.0394  0.0335 -0.0387
 0.0007 -0.0239  1.1701 -0.3875  0.1426  0.3292  0.0246 -0.2893 -0.2509  0.2852
-0.0017  0.0553 -0.3875  1.8518 -0.2160 -0.8541 -0.0936  0.7135  0.6312 -0.7012
 0.0007 -0.0227  0.1426 -0.2160  0.7197  0.7066  0.0758 -0.4314 -0.3709  0.3967
 0.0013 -0.0441  0.3292 -0.8541  0.7066  1.0201  0.2810 -0.4496 -0.4694  0.4806
 0.0000 -0.0022  0.0246 -0.0936  0.0758  0.2810  0.3739  0.3217  0.1439 -0.1254
-0.0012  0.0394 -0.2893  0.7135 -0.4314 -0.4496  0.3217  0.9023  0.6916 -0.4986
-0.0010  0.0335 -0.2509  0.6312 -0.3709 -0.4694  0.1439  0.6916  0.6740 -0.0831
 0.0012 -0.0387  0.2852 -0.7012  0.3967  0.4806 -0.1254 -0.4986 -0.0831  1.2848
I1 = 
 1.0000 -0.0000  0.0000 -0.0000 -0.0000 -0.0000 -0.0000 -0.0000 -0.0000  0.0000
-0.0000  1.0000 -0.0000  0.0000  0.0000 -0.0000 -0.0000 -0.0000  0.0000 -0.0000
 0.0000 -0.0000  1.0000 -0.0000 -0.0000  0.0000  0.0000  0.0000  0.0000  0.0000
-0.0000  0.0000 -0.0000  1.0000  0.0000 -0.0000 -0.0000  0.0000  0.0000  0.0000
-0.0000  0.0000 -0.0000  0.0000  1.0000 -0.0000  0.0000 -0.0000 -0.0000  0.0000
-0.0000 -0.0000  0.0000 -0.0000 -0.0000  1.0000 -0.0000 -0.0000  0.0000 -0.0000
-0.0000 -0.0000  0.0000 -0.0000  0.0000 -0.0000  1.0000  0.0000  0.0000 -0.0000
-0.0000 -0.0000  0.0000  0.0000 -0.0000 -0.0000  0.0000  1.0000 -0.0000  0.0000
-0.0000  0.0000  0.0000  0.0000 -0.0000  0.0000  0.0000 -0.0000  1.0000 -0.0000
 0.0000 -0.0000  0.0000  0.0000  0.0000 -0.0000 -0.0000  0.0000 -0.0000  1.0000
